100
82998182959869788138605545665
558820308662698051361584176658
43324090362064395877953251915
706120028139106517071031116418
595704278372612722047946317942
454205718120248888059354465444
204258901835614287259261357607
828047598082883371871400254009
898169289311338287981702785102
229226858685952551890785082533
585888372485854624455449204242
634677330011342980702045843338
858981376365517498325958885333
55890244912057657722960674655
417131927586400412745302463937
635790240560910605503565123594
76759000564298319270119706773
527079947210791956257094758343
160743174238564480155903587185
482016106381726530224239248319
321091626981735782503033143557
571195416180239160906759785360
664805501800959148534823498481
435679424847991279804900780789
279660780109605595004160494467
141263709241669712576519314108
521093462413556175146287084050
292572870185642116501887109963
375652416400132081919259009221
189031165675412075370961988226
976773263798691980635019130164
501436291228323971850305284780
876177518712069223916248615449
135720803167493889264163887381
342290364889405010276843600183
388653168410590132081849776209
179239035119954483542098155760
889265534248311343385678171381
3644957000344190654526513804
437138231738151276798479879881
206738402079877732818183555372
770045638690252531960835304792
26111511981616782374715610682
343980039983337513840644395655
434304744141736241466715116125
373689193452824023719488454474
320470956404437818066815860619
493347243781054030092343912251
893067446490438134960228858305
524132895664016114676512200214
351961034540052897430965067525
90225997250692096904264699121
133534830298337212229865002860
54876348753359948224473053863
387177362893004107349730861948
850203681260314952116863479290
682534104614983433340864965249
980595672411737955138507537972
668365932693498735012732019212
824416223147765789840550349746
551392251907750205544396871896
902469390096434843822699682857
436391347285310790963062243997
792762620306792431904930040725
882197462773121763397865046989
407066529891105695897678875492
512580429705983456198695351672
332311768703176068437447921191
213233221262384327666713734331
557364321362009792038775843860
579569064168219137235623391475
343392092542819896379715859469
862094310857448148430053409125
568065154549254871976903410413
994595790173320548921285793417
757592861166072302777853028698
901956113293032994356823866971
984457561557756479178058193958
558743380054100503173513681882
450982413802374937682395283861
994688918187194749810938973127
669776444986906339780208405953
286483250428168230369497027627
867429409569553042553784061231
841789314582399699471685643652
588971358957488707010637919817
920945933337759027678036089649
190327911109980088834825883238
60892580136715673923144824463
873707850246064976706927107277
375551210886677445414246904954
493006037477248670060703358355
414144827538365356270113778646
518566576581315116855862556586
709045759295951866640489131864
49595356927983297705974359438
169451043579074512533545972581
825303648178785868912942662629
805927726419470374640099550704
185747905451409958456472603576