100
484623976534922069
74748128874098899
609502535358133709
167595502605791223
817052454300361072
684852827481837228
275099208579753800
966456442147888216
216817621331218874
820145043304289690
481815593938601974
630040137567209596
247038830731647536
223955030201788058
732731571432600566
167562509036844061
268366455837629708
794110584703027307
84768471589045138
716204779579424681
439639959780688002
38250257356204229
212311293691400797
465155009074779988
751001824963406175
615028611291505243
506626539386902191
865775190628616289
643651102944196793
131673281524629406
570905291856341635
900511997411720372
626699228631559847
229336803359733196
539204857536833473
528135129981036831
275069492042458783
44409668493777486
726890885456476242
668854837578434085
87282193269598399
64355820219415057
917598382883337650
777347869546675211
613964022368125977
269867530094712427
852408356311109112
772706732279562993
301501501753914762
87501656457828304
966738600138512026
720830122551671642
458918876776167592
420414766126084782
505548285559622290
105463216112759254
512709777047147032
568968390547335316
171111233620482887
131152609550994385
460176927967840586
380696266442708663
343693881676487970
211131129523382170
133434747042206249
478069873223956719
697421573283090702
46446147197888525
872537488293121011
124644585903753353
274485798582549225
714145336898504803
296903623343922705
740799414571496806
283686563841713689
743539270237340814
21302449758844725
653487466220311592
95034475187157698
327963799835368698
948943737898372752
991170109656661385
524230830925651473
429617875204504674
480558000212601696
659206833923434175
291803208123999786
811429104707551203
494675833965437927
100372652836901852
692548492850627125
228879233349103157
63599171183953957
508717337627028906
69376466464935273
278198117862725984
342264750047411526
380215161727222606
419996129009682912
307871271228256679