100
18636450989466069
872230736841399591
271750039276244842
632881035085360537
481121858806262401
415035079107688263
199377884531788366
526732586435839616
335988140741704806
979071136843466476
976438918954151216
802489669059209859
995729757745362596
706424208207772436
809323110943844288
195826039906361448
275652991088911407
374822023406783702
240500471052270957
514210791650431255
584641633747695581
54281932982716588
75368297562478626
328047789751173985
787382418668678417
370112292429420647
524670726024918694
904897336974601168
896592897193634309
291968808877871512
954597365096855926
593603494943876002
802320693366422029
219060470361857447
795652621683792241
135826812622362612
219251840536588639
216939549527758287
248311534669479426
943418901296078984
442762937567488643
956316559521623838
997937260256738057
964770502278912109
818877207829575270
170775641308010442
382926300411450028
174868671422175323
623705158888320717
409657976674653591
867105293878572304
5637372523744346
348657956234887999
48678126281217841
972229012411270366
566967753089578257
95305230661970300
176282787720053637
506423293684856503
221671186979658140
8630677587181091
670367070600552242
899348923733014855
243432471221948084
403815279587605782
530058101366282094
436817862129050320
37204908673513708
127543090341494877
755464069808935937
744789449871918542
686324306764732652
739016078688646294
180034792935853748
539670707098319373
536157339356167160
634773181184979098
649045772430042977
829800226278584453
717174445497746559
988252866702823391
766867633426314137
594552559291993543
257037714601324113
7252139479004554
615058466616791306
761728163740749116
49622003792857230
354811615309979775
120859770362208944
457840638303323839
998499980886524243
659558551552987623
959868147593220688
159488045755661470
607624483969907835
810379050846691695
46603390014892708
749254724130766635
502111143703685908